73 142 20
74 142 20
76 142 20
78 142 20
81 141 20
84 141 20
89 139 20
96 137 20
104 136 20
112 134 20
120 131 20
129 129 20
138 128 20
147 126 20
157 124 20
167 122 20
177 120 20
182 119 20
190 118 20
200 116 20
209 116 20
216 114 20
224 114 20
231 114 20
238 114 20
244 114 20
250 114 20
255 114 20
260 114 20
262 114 20
266 114 20
269 115 20
272 115 20
274 116 20
276 117 20
278 117 20
279 118 20
280 119 20
281 119 20
282 120 20
283 121 20
283 121 20
284 121 20
284 121 20
284 122 20
285 122 20
285 122 20
285 122 20
